0.5
1.07947
2.04179
3.03841
4.04229
5.04078
6.04852
7.05879
8.06649
9.08491
10.0828
11.1837
12.1859
13.1524
14.0573
15.2463
16.169
17.3584
18.2895
19.1284
20.1585
21.2984
22.128
23.3412
24.0356
25.2978
26.4335
27.3216
28.2667
28.9664
30.5648
30.8871
32.16
34.0881
34.2135
35.5656
36.4647
37.3205
37.8061
40.042
40.1091
41.5833
42.4962
43.6336
44.282
47.5206
46.3683
46.5252
47.408
50.4378
50.2578
51.2578
53.7154
53.4742
53.4073
54.4488
56.1602
56.1791
57.646
58.2761
58.9155
63.2311
62.9793
62.1675
65.8446
65.2708
68.9391
67.0585
67.7553
70.5369
71.1403
70.9583
73.0117
72.7918
72.3944
81.2618
76.2194
78.6864
78.9332
76.6788
84.8728
82.2757
83.3472
81.9559
83.9225
85.0153
90.3759
86.8811
92.2481
88.8223
94.9224
86.845
97.824
94.4424
94.348
97.2294
96.0733
98.0515
96.4575
100.696
