2.50229e-09
0.00305512
0.00625337
0.00958888
0.0127765
0.016082
0.0192516
0.0224565
0.025595
0.0289045
0.0319147
0.0351615
0.0382834
0.0417599
0.04511
0.0488201
0.0508535
0.0546177
0.0570149
0.0598034
0.0635827
0.0668153
0.0691307
0.0719025
0.0777075
0.0794608
0.0835136
0.0865008
0.0874555
0.0927645
0.0971702
0.098315
0.098517
0.104509
0.110523
0.109671
0.114847
0.11509
0.123907
0.127298
0.127127
0.128248
0.135847
0.142124
0.136684
0.154496
0.147551
0.150779
0.156126
0.150577
0.15208
0.155199
0.176299
0.164795
0.171256
0.169212
0.173317
0.190031
0.184065
0.190177
0.188051
0.191787
0.199631
0.190219
0.202179
0.195029
0.208101
0.210758
0.216718
0.219932
0.246156
0.221655
0.228303
0.232726
0.225592
0.268166
0.242017
0.244954
0.24478
0.24552
0.261029
0.265103
0.278028
0.264549
0.280968
0.26609
0.259448
0.274804
0.251772
0.270063
0.301634
0.337176
0.287433
0.28703
0.291102
0.284281
0.323989
0.302242
0.329046
0.284676
