3.5
7.5
18.5
5.5
7.5
23.5
0.5
4.5
3.5
22.5
34.5
22.5
3.5
1.5
1.5
11.5
8.5
26.5
23.5
28.5
45.5
36.5
32.5
22.5
27.5
56.5
36.5
26.5
36.5
2.5
10.5
10.5
6.5
13.5
13.5
39.5
45.5
77.5
91.5
95.5
86.5
94.5
140.5
138.5
133.5
150.5
167.5
169.5
168.5
178.5
134.5
150.5
144.5
137.5
120.5
120.5
145.5
150.5
124.5
140.5
153.5
148.5
158.5
170.5
157.5
161.5
157.5
183.5
165.5
165.5
179.5
199.5
198.5
208.5
213.5
190.5
184.5
171.5
181.5
192.5
186.5
193.5
181.5
196.5
205.5
192.5
193.5
191.5
197.5
187.5
159.5
143.5
119.5
165.5
165.5
188.5
148.5
166.5
151.5
145.5
152.5
168.5
169.5
156.5
139.5
160.5
150.5
144.5
152.5
146.5
158.5
180.5
203.5
178.5
197.5
176.5
172.5
157.5
156.5
190.5
195.5
199.5
211.5
242.5
268.5
252.5
261.5
271.5
259.5
273.5
273.5
271.5
290.5
278.5
292.5
295.5
277.5
316.5
328.5
341.5
345.5
320.5
320.5
296.5
297.5
306.5
322.5
317.5
306.5
322.5
328.5
326.5
365.5
353.5
367.5
375.5
381.5
365.5
380.5
378.5
376.5
375.5
381.5
353.5
348.5
341.5
356.5
373.5
370.5
352.5
335.5
308.5
296.5
313.5
298.5
282.5
293.5
302.5
297.5
308.5
296.5
272.5
268.5
282.5
275.5
281.5
271.5
222.5
211.5
198.5
193.5
219.5
200.5
193.5
179.5
186.5
178.5
147.5
