0.5
1.05556
2.0101
3.11616
4.29293
5.68687
6.14141
8.19192
6.81818
8.55556
10.5
12.8081
12.0101
10.2071
16.4293
19.6818
17.4444
15.0354
18.8586
17.5
11.8687
20.3939
26.4495
20.0606
22.0101
34.2172
26.9798
21.0253
33.7071
21.9394
20.0253
23.596
28.399
27.1465
28.4848
28.7323
53.596
34
28.1263
37.5253
34.1919
24.3333
29.1162
35.2727
57.2828
34.4747
39.3333
60.596
34.7273
41.4444
33.5808
72.2525
59.4192
48.5354
31.9293
47.5051
63.5505
42.9343
103.374
109.778
61.702
34.7576
44.0152
31.9848
53.0758
71.9141
71.5909
42.1364
48.4899
55.6869
43.8788
37.8485
30
116.49
75.6818
72.0657
62.5354
58.9646
49.9848
66.1061
60.4798
34.5909
34.2475
54.7121
73.0909
49.9495
27.0606
77.5
57.5152
50.3636
74.702
67.8636
111.929
47.7677
41.3687
107.253
147.702
51.5404
49.8788
58.9242
