-nan
0.0719389
0.140644
0.220657
0.323331
0.376731
0.447121
0.57978
0.47143
0.575633
0.735399
0.86772
0.768498
0.691624
1.24717
1.54799
1.3695
0.964729
1.13904
1.23833
0.714751
1.10474
1.71985
1.22723
1.26734
2.22104
1.89719
1.40271
2.31812
1.32886
1.12656
1.34018
1.47967
1.57086
1.8092
1.60205
3.54868
2.05317
1.55367
2.77209
1.83789
1.33677
1.58194
2.35688
3.99675
1.99161
2.1901
2.82577
2.23866
2.109
1.76309
4.33016
3.26585
3.02962
1.78385
2.63609
3.42001
2.56172
5.98592
4.39577
3.38191
1.97373
2.69621
1.9615
3.51677
2.82026
4.52506
2.25765
2.52016
2.52079
2.37045
2.18203
1.89274
6.16537
3.55748
3.93252
3.06971
3.01857
3.20305
4.6199
2.79365
1.72778
2.03345
2.74061
3.38626
2.26281
1.56172
3.6002
3.68983
2.28527
5.54872
4.92715
7.68671
2.22204
2.24151
5.21789
5.9725
2.99514
2.72781
3.09862
