65.4176
202.953
243.861
287.151
149.482
296.595
283.591
180.325
97.9624
29.7523
155.924
170.148
309.191
570.052
241.239
170.766
180.996
340.688
608.743
156.762
166.003
128.144
218.404
285.858
143.162
76.5487
367.186
185.66
185.915
567.653
141.314
62.0253
14.482
266.093
112.561
53.9737
324.64
347.595
377.402
124.395
327.148
180.646
302.354
146.633
94.0628
148.341
184.921
329.313
221.601
134.62
109.883
181.838
364.541
251.178
117.1
256.968
13.7752
219.48
126.603
71.8479
352.591
115.007
192.863
162.933
108.958
285.422
98.0298
204.067
164.805
135.723
557.663
82.2377
70.3138
108.43
198.109
299.597
69.0144
93.0071
152.079
384.899
802.393
281.226
201.425
390.15
200.731
239.922
136.153
405.483
227.414
227.938
70.7081
251.206
100.133
299.758
9.01828
12.6374
112.536
182.404
246.87
98.8216
277.53
210.845
406.259
308.558
287.709
276.093
240.096
326.809
91.2496
197.758
238.706
217.264
143.503
473.438
447.486
13.7449
372.984
279.249
191.486
41.0079
221.837
103.529
102.805
20.9078
77.9862
164.436
500.692
199.994
104.198
111.906
167.341
63.1128
221.726
102.836
190.829
212.923
238.662
28.8391
250.535
454.725
206.704
158.172
48.2705
323.326
202.98
290.104
64.6649
31.5291
297.165
209.363
117.69
206.387
528.328
143.894
46.2801
178.517
72.9819
353.18
257.982
117.634
28.6399
38.3058
48.5632
80.3165
600.916
247.357
111.831
51.926
249.377
120.345
201.233
123.426
145.454
106.631
383.14
61.7351
477.468
318.291
70.3306
154.791
239.965
137.651
217.264
473.717
542.061
183.193
144.259
176.687
65.2006
259.166
189.838
275.222
412.672
399.878
60.9522
812.969
242.534
322.508
189.497
398.764
128.541
66.2971
225.145
221.651
332.017
105.529
241.843
63.1431
261.889
535.755
16.1052
175.451
116.941
142.249
522.173
170.074
39.3492
143.702
259.608
107.081
264.95
285.18
207.67
405.747
40.1844
396.217
273.409
335.278
76.3584
38.7819
110.385
25.728
474.9
338.801
83.5771
143.685
235.596
222.141
284.843
226.72
252.049
426.335
76.8972
304.554
85.0454
375.239
349.773
173.172
210.495
232.921
126.883
46.345
87.1987
305.947
316.062
109.71
178.341
387.685
101.538
256.965
47.9808
122.672
56.3584
49.294
398.678
136.639
386.272
62.342
35.5415
195.731
209.87
56.6646
319.789
426.375
314.817
442.264
115.455
78.5967
494.741
178.872
325.72
147.519
377.282
232.12
11.0556
59.5418
162.258
226.161
234.68
28.1446
573.828
91.1176
143.53
141.443
96.6717
141.287
276.913
66.5397
73.4375
489.445
25.4134
61.6815
60.188
69.3019
339.752
193.803
40.3051
88.3121
191.737
82.7083
76.2727
481.163
134.165
146.222
116.431
105.917
312.588
100.042
220.633
104.555
321.796
173.807
286.773
268.517
105.045
36.806
144.602
448.573
290.682
185.695
158.142
266.26
242.591
330.524
279.794
56.2781
610.962
373.321
102.376
98.6214
154.13
44.0879
101.572
130.489
49.9156
108.292
195.358
224.203
413.438
273.381
51.8205
110.828
80.097
174.571
324.94
240.663
310.424
120.687
190.865
304.129
226.814
137.302
219.551
89.6059
192.751
278.338
102.863
231.587
282.308
172.798
180.436
100.281
411.479
233.345
136.85
202.985
337.922
598.659
239.736
526.142
214.27
363.168
224.531
331.775
347.957
350.668
124.927
321.359
375.928
440.042
148.227
71.0928
38.2105
427.232
626.981
79.6901
172.513
111.358
111.992
108.887
209.536
296.809
288.88
11.6934
106.146
560.175
368.178
448.097
120.471
47.7128
97.0937
99.1986
335.883
318.363
86.544
93.9302
214.735
29.7368
70.544
327.805
114.154
194.838
285.781
177.249
450.366
282.835
401.826
218.391
188.922
88.9184
197.973
413.241
53.541
113.157
110.467
194.333
204.146
150.062
113.531
132.124
173.773
238.82
276.216
150.092
271.551
92.6162
184.261
93.6927
363.727
308.187
258.938
367.602
545.451
98.3499
640.017
137.704
424.492
138.144
152.168
766.642
5.71495
143.133
99.9185
168.653
68.7057
92.1117
125.347
144.233
95.3444
213.326
96.987
130.632
15.8123
96.4974
246.273
183.236
205.355
116.436
188.241
589.168
337.492
103.389
113.459
25.5912
50.7129
32.4847
282.855
93.6238
454.121
613.144
639.636
352.199
456.504
126.507
184.418
58.5336
179.955
120.643
77.2033
407.89
37.5799
13.7778
255.936
229.037
43.1128
213.713
170.574
138.711
56.463
530.007
133.289
29.6992
420.576
82.2871
318.023
105.26
58.1786
96.7422
162.367
212.343
147.043
140.211
72.4921
83.1558
1045.97
214.822
97.096
100.891
203.613
87.2277
237.861
117.31
250.063
575.373
35.5507
180.472
69.7198
94.413
101.112
288.401
85.6674
386.966
119.633
150.336
64.5072
44.316
33.0162
258.09
265.076
119.791
155.21
162.586
211.773
30.3619
130.207
534.989
86.8554
127.081
159.493
500.411
121.337
292.297
203.907
76.7401
201.905
102.549
113.968
362.99
307.68
91.7832
367.817
457.214
131.942
583.82
248.444
55.5543
87.2697
43.0233
36.115
213.847
66.2904
63.8384
91.4381
467.689
111.184
308.008
132.914
806.998
355.846
396.655
83.4813
173.698
194.844
213.22
87.1758
24.3996
624.265
67.4426
591.942
205.537
14.2227
221.967
143.97
274.358
164.647
574.994
271.224
74.4393
170.374
140.65
261.103
207.8
246.191
190.624
269.387
294.471
30.2847
118.895
125.182
183.354
951.716
200.115
115.99
169.951
146.58
223.266
175.306
281.877
80.5877
352.678
301.516
200.597
157.441
60.85
175.25
439.948
164.099
130.735
72.3438
108.11
187.754
80.6598
101.214
144.827
453.28
302.361
203.939
174.2
263.879
69.0507
119.64
344.374
58.6815
123.776
390.557
291.288
109.663
63.6821
329.628
352.778
91.9238
218.764
325.131
173.823
374.342
132.351
433.751
67.6731
66.1093
293.95
133.201
198.656
207.07
229.003
85.5947
72.9125
301.793
320.661
108.801
145.747
70.6701
110.066
587.2
94.888
119.973
115.728
142.291
86.1224
169.648
59.2049
32.4226
95.8358
201.082
153.401
166.538
59.8672
260.639
133.047
995.373
200.97
237.76
164.345
244.294
58.2684
51.2025
134.313
144.184
522.135
669.76
294.658
117.187
47.2966
252.14
330.91
187.878
397.986
619.507
92.7229
282.583
95.7912
311.428
460.706
255.736
203.945
283.897
223.965
38.2661
154.255
316.751
320.815
20.0229
195.173
125.996
130.058
199.793
226.692
349.983
252.372
49.0215
358.864
109.487
429.113
339.754
90.7666
351.839
443.006
166.034
225.042
221.371
27.5283
80.7487
84.4563
161.497
127.975
154.396
161.009
336.555
454.736
111.676
313.651
481.518
395.054
357.259
190.004
448.436
123.706
273.248
6.77059
164.016
75.42
407.895
118.199
220.601
104.594
203.741
166.918
15.6779
490.321
153.703
90.9156
90.9606
338.051
168.344
55.9325
232.642
199.239
85.3337
34.466
314.808
65.9311
380.85
93.3277
107.803
106.524
77.2115
138.865
1023.44
191.165
55.6856
137.463
222.52
74.963
211.845
219.282
140.98
86.2496
207.654
35.5575
290.284
17.5155
156.091
263.487
40.8917
213.744
169.537
52.3336
198.877
789.617
119.004
59.3897
300.505
321.031
125.416
303.086
237.109
308.787
292.823
156.7
502.613
26.3
248.131
284.638
312.096
296.847
210.633
21.3515
47.4097
353.394
216.608
120.202
342.169
111.991
94.7388
205.824
257.386
304.529
235.573
199.629
34.1818
110.783
226.166
58.3948
137.474
199.966
253.925
195.106
416.473
48.6537
137.41
112.613
191.673
463.022
55.9912
243.745
312.837
225.987
381.782
280.42
31.9116
200.924
138.389
269.206
285.901
274.02
29.2495
42.6166
427.244
130.691
151.285
83.68
163.393
222.859
124.675
314.086
73.5759
285.754
162.985
210.861
225.888
71.9748
165.157
41.3704
242.12
224.233
159.014
164.411
52.5502
185.498
49.389
203.757
209.509
66.0618
261.362
11.2338
199.243
198.58
76.4328
273.915
133.061
95.4664
47.6791
16.7695
334.545
574.771
42.7453
401.416
784.468
67.2341
54.9173
296.851
90.105
277.614
298.481
83.5581
386.727
19.7419
122.632
156.439
306.469
110.401
125.066
308.31
203.246
251.541
215.347
517.235
303.304
132.9
73.0556
138.045
351.546
402.088
87.1766
148.912
508.346
138.607
54.3757
105.768
72.0022
527.41
167.343
130.118
230.925
58.3327
100.37
217.011
236.795
98.5659
152.297
408.576
172.49
28.4982
176.473
83.3246
547.151
103.234
289.035
215.794
52.1164
395.337
27.3033
291.479
187.832
113.605
38.0363
169.095
214.361
131.171
471.853
128.623
157.748
809.056
83.3752
160.834
219.096
388.965
38.7131
46.7369
299.44
105.991
