1.44793e-160
0.0468688
0.0931902
0.144447
0.167328
0.220489
0.260222
0.307927
0.371615
0.391393
0.449125
0.454293
0.529431
0.590414
0.605634
0.721629
0.707557
0.747278
0.801447
0.873741
0.880814
0.930486
0.991027
1.06933
1.04005
1.14571
1.15508
1.19128
1.21823
1.323
1.35076
1.39841
1.35918
1.47252
1.53596
1.51072
1.6016
1.69993
1.83157
1.62795
1.84184
1.9432
1.8667
1.90236
2.04666
1.96078
1.96272
2.05355
2.20603
2.08949
2.4309
2.46045
2.32779
2.4328
2.4494
2.50218
2.41566
2.66485
2.53463
2.61388
2.76662
2.67301
2.80239
2.67682
3.0237
2.80269
2.96118
3.00455
2.97001
3.13702
3.08407
3.25975
3.32439
3.24443
3.31699
3.28095
3.54574
3.21151
3.47015
3.33506
3.39925
3.7332
3.80747
3.72986
4.04517
3.79195
3.80628
3.86885
3.8656
3.8916
3.93478
4.01088
4.10798
4.04087
4.24936
4.19014
4.40916
4.35853
4.26291
4.70895
