0
2.03358
3.94209
6.11019
7.72786
10.0972
11.7216
13.9754
16.4247
17.401
20.0372
20.7304
24.0839
26.1717
28.0642
30.5495
31.513
33.021
35.8436
38.7576
39.9576
41.11
45.4776
45.653
46.5974
50.5817
52.6828
52.4782
55.3984
58.5827
59.5888
61.4719
62.8257
66.0975
67.7127
68.4238
74.1295
76.0811
75.2962
75.3145
81.733
81.7132
84.8407
86.3989
84.98
87.4494
89.2081
93.3326
97.6388
98.9343
101.598
103.2
103.689
108.586
107.859
111.667
108.164
116.846
113.322
116.663
120.443
119.099
125.944
122.843
131.894
128.249
136.5
132.007
130.771
141.736
135.458
143.179
141.794
141.049
146.567
152.626
154.534
149.322
156.069
150.5
154.785
161.519
163.408
166.344
166.943
163.549
177.934
175.004
173.13
178.819
176.744
182.636
186.291
188.646
190.386
187.398
195.235
193.75
197.553
203.504
