164.761
531.19
49.4849
105.882
162.196
109.256
20.6657
91.211
42.6905
280.66
29.8125
335.97
108.793
194.337
107.905
93.1345
80.1161
119.195
336.271
64.9132
110.615
155.417
26.7268
96.167
64.8347
25.1884
5.6644
43.5194
58.4172
56.2625
146.086
6.80607
118.148
54.868
19.234
192.217
30.5025
68.3609
142.285
1.41182
57.3905
68.2845
43.1718
135.978
219.839
28.5878
47.0951
18.6001
93.215
17.1389
101.151
55.292
73.6966
143.645
35.3939
100.645
29.0178
163.066
368.922
52.0617
53.84
296.71
250.61
10.6334
237.333
531.38
27.4287
50.4363
94.8887
11.7717
358.596
182.25
153.682
2.63721
58.3296
15.4943
144.237
55.5002
203.205
5.07101
27.314
158.006
26.2185
96.2847
88.9455
3.01625
17.0016
29.917
130.296
103.525
133.16
187.112
260.809
31.4954
157.156
57.4031
66.5192
3.77056
684.654
46.2094
433.048
34.7639
140.788
284.072
51.7091
60.1177
34.8001
114.539
10.1466
15.6764
82.3825
58.0209
30.3863
11.6276
83.567
39.2958
136.363
153.461
26.8296
10.5759
94.3101
163.613
73.7878
198.413
176.577
237.685
49.2404
80.3434
6.1024
42.4737
59.8377
36.508
2.46678
31.6087
24.8735
89.8879
7.25438
39.1221
203.736
38.2742
172.576
73.3022
98.316
82.7699
41.4751
328.623
42.1927
144.613
89.7697
110.355
424.181
42.4598
117.761
154.486
153.899
14.2914
84.1004
2.1722
2.05333
169.646
59.1456
80.9706
26.777
249.291
39.8611
20.5284
27.6054
318.335
25.1158
30.9496
246.292
35.3751
180.306
41.3288
296.23
345.401
33.9469
36.5718
34.2094
58.9157
72.2026
141.053
590.094
99.4963
6.0114
32.3106
12.0012
133.097
237.659
63.6227
