0
1.06947
2.13252
2.9321
3.42586
4.55966
6.05972
7.66191
8.74229
8.5934
10.1931
10.6532
12.9785
12.2335
12.7562
14.844
17.0182
17.1307
16.379
19.2831
21.2835
20.7382
20.8729
22.2014
25.6759
26.1916
26.4411
29.0428
29.5392
31.5042
32.3071
29.7659
31.6428
30.7092
35.1228
35.3815
34.925
32.1777
40.6363
35.9618
41.3459
43.5578
40.2233
44.0273
52.2415
49.244
45.9026
50.1812
48.179
48.9706
53.3802
38.4192
47.8197
50.9088
52.8011
46.8468
49.9808
61.5795
59.1081
61.0127
55.4335
66.4965
62.4094
74.4604
54.3883
64.1501
64.4592
69.6994
74.1338
68.732
62.4086
73.0966
58.2909
73.3666
77.4868
70.6322
74.1217
73.3587
72.2479
80.348
77.1117
76.4695
77.5651
84.6888
89.5933
89.7451
86.0893
94.9216
95.5937
79.9059
94.9557
86.9822
84.7729
91.2795
91.6571
97.7338
101.87
108.822
81.3462
97.7771
