3.30479e-160
0.0703203
0.141956
0.203168
0.245029
0.365167
0.455807
0.526274
0.600265
0.61444
0.669782
0.721179
0.936506
0.99909
0.981147
1.10987
1.32339
1.06604
1.27573
1.3629
1.44643
1.48222
1.4538
1.6015
1.82429
2.17391
2.01708
1.96327
2.11252
2.11244
2.28102
2.32296
2.17337
2.13294
2.62032
2.71872
2.24469
2.409
3.20911
2.63633
2.92976
3.00892
2.9655
3.01478
3.53751
3.08592
3.43281
4.09138
3.19064
3.57444
3.66835
2.79028
3.65903
3.32801
4.61857
3.37752
3.31664
4.03583
4.96872
5.06204
4.07583
4.72567
4.65169
5.40863
4.21108
5.38471
4.79172
4.73602
5.1848
5.5976
4.34994
5.57791
4.02408
5.4055
5.27714
5.25774
5.3773
5.50272
4.81079
5.84508
5.08931
6.16577
5.89469
6.40002
6.24525
7.17873
6.22236
6.93871
6.84821
6.57976
7.82754
5.37014
6.45849
6.28795
6.75671
6.3949
7.29485
7.91805
6.58443
7.44986
