238
161
163
175
165
111
90
13
53
32
64
81
45
5
11
42
44
38
30
17
25
80
153
74
67
81
47
16
18
13
20
37
89
76
47
30
77
63
81
49
39
85
98
179
129
74
60
99
146
126
123
101
111
68
62
111
78
19
38
34
14
26
33
50
41
44
90
45
8
19
68
117
84
123
126
146
87
58
26
29
20
24
121
97
109
118
118
116
139
136
130
140
195
207
184
149
183
193
135
77
84
128
129
161
194
136
153
122
111
136
96
117
75
67
73
84
84
102
100
153
127
184
188
161
128
156
71
2
87
89
55
50
90
119
103
167
119
141
171
235
273
317
324
324
304
307
296
342
341
276
283
303
268
297
316
338
254
283
277
250
291
327
325
323
324
306
327
317
270
257
276
338
339
329
348
242
218
198
162
133
147
97
71
85
98
80
64
52
53
17
33
15
44
56
74
97
84
118
172
171
142
140
158
133
87
102
122
172
139
121
155
217
225
190
185
204
158
113
46
49
71
114
159
106
86
89
97
95
91
105
87
80
96
98
74
131
159
109
173
218
231
216
183
168
192
204
242
311
324
277
300
239
206
236
169
136
90
57
28
9
24
38
44
33
64
58
73
119
150
120
105
149
126
136
131
77
88
117
71
25
51
11
6
34
50
51
42
22
14
8
59
58
75
50
68
113
91
48
46
31
71
88
62
125
108
115
157
169
123
44
12
33
83
64
98
75
117
170
187
156
164
194
154
144
78
57
70
37
23
55
25
44
69
22
39
87
170
112
181
190
166
176
182
142
140
163
180
173
120
101
109
123
130
124
143
125
107
126
160
155
184
193
179
176
130
164
223
202
174
119
147
147
148
152
92
121
112
103
142
145
162
72
27
28
52
87
85
85
63
43
90
106
87
157
150
172
167
206
200
219
248
185
225
271
246
242
163
161
194
167
154
131
114
57
20
49
60
24
53
57
114
111
100
102
98
101
113
124
170
201
211
204
226
200
209
257
259
262
270
294
257
190
199
258
183
197
205
241
209
174
189
136
66
48
72
107
131
119
34
71
71
51
33
7
26
93
55
80
99
114
108
29
52
66
52
27
9
61
86
147
172
153
164
124
141
143
222
228
233
205
202
181
157
171
161
166
172
139
175
224
206
213
234
181
161
139
204
166
154
140
213
264
304
374
316
316
301
306
281
302
309
273
259
256
263
253
264
282
305
194
198
191
151
143
91
134
183
200
229
219
240
249
214
224
200
210
232
251
277
220
199
233
257
200
221
270
302
309
323
327
348
383
272
254
253
285
311
268
299
289
277
258
279
311
341
314
296
297
285
228
206
181
203
214
211
205
196
194
208
197
192
160
216
161
211
189
150
37
47
87
123
133
107
73
106
88
93
89
142
131
97
120
122
133
99
135
131
139
142
165
202
298
247
258
241
233
212
178
190
155
147
149
123
155
151
155
128
113
128
141
161
180
201
217
202
225
215
274
275
303
263
306
344
321
303
315
285
333
357
352
335
390
373
268
290
310
298
273
333
328
422
404
385
373
354
406
426
417
444
477
471
496
515
499
489
440
443
428
431
431
422
386
440
524
519
456
456
438
443
417
453
455
395
384
430
431
390
390
407
394
368
354
356
359
309
243
277
278
243
201
169
135
218
219
197
97
79
93
139
185
181
163
163
136
184
200
174
178
206
231
272
303
308
334
342
314
305
367
343
370
375
387
404
345
297
314
313
305
348
290
326
307
301
337
309
299
251
230
183
180
121
119
89
101
57
38
45
51
83
109
113
116
121
95
57
95
75
122
134
196
245
216
166
165
167
178
141
80
43
53
70
50
65
53
126
88
62
98
110
133
110
179
109
32
27
88
54
27
41
75
41
62
80
117
145
102
158
248
287
243
234
258
309
301
285
274
260
321
264
245
305
354
360
343
304
352
304
238
204
194
208
203
199
207
234
198
132
180
236
226
216
189
171
148
136
92
152
224
225
164
162
225
247
259
238
192
256
297
287
317
269
273
242
271
298
223
226
184
172
132
109
61
117
107
68
129
164
196
250
255
244
224
243
215
226
222
177
160
186
165
159
162
175
131
120
97
80
172
113
131
100
174
174
174
174
156
220
287
257
257
266
262
256
245
261
236
165
169
181
201
172
222
219
251
216
189
202
183
200
167
158
186
153
185
224
202
205
167
142
100
129
133
215
154
192
164
151
195
268
285
331
317
326
294
317
302
358
362
358
348
276
297
295
308
318
332
374
344
330
329
280
308
405
414
434
406
419
394
431
471
461
490
561
566
520
476
452
462
444
463
440
411
415
401
419
409
426
462
460
461
460
452
464
359
320
322
301
291
300
254
266
284
306
273
259
226
223
188
238
251
206
187
177
219
233
225
226
206
183
209
228
216
172
139
180
201
242
244
283
312
346
322
337
340
330
278
223
216
213
173
152
137
124
103
79
142
144
151
252
225
274
286
328
350
341
341
288
282
229
222
269
294
293
275
290
259
232
223
153
158
165
194
198
227
217
182
225
233
193
185
174
114
109
86
124
180
213
199
240
197
234
212
254
194
194
171
240
299
313
327
350
393
369
332
322
285
291
320
270
291
284
293
273
292
291
269
274
254
231
201
245
275
219
215
224
171
251
273
275
301
318
313
339
356
377
344
332
339
313
322
317
378
398
464
461
412
341
343
324
336
377
366
307
282
262
288
281
251
183
143
127
118
159
152
152
97
136
166
126
118
160
164
122
132
97
124
211
251
240
182
159
175
118
126
82
60
29
24
44
39
53
61
94
113
164
218
171
157
130
100
129
131
133
139
144
178
170
210
229
153
173
145
148
95
89
83
67
111
108
146
113
127
45
67
92
54
25
132
121
135
152
140
82
141
122
97
138
189
213
151
146
149
176
195
186
101
103
124
151
158
185
221
203
154
163
156
165
155
117
92
54
77
84
176
106
70
18
30
88
87
106
83
126
64
55
102
163
151
133
109
40
92
216
193
232
193
153
144
154
137
188
218
246
245
229
252
182
181
211
136
170
164
163
161
144
169
130
114
143
84
103
93
96
88
142
106
93
120
106
106
99
89
85
42
4
55
9
24
59
35
105
78
76
144
141
131
49
18
13
17
29
105
90
118
146
158
221
309
301
291
236
272
296
296
294
300
263
248
214
222
200
239
257
268
250
266
229
228
240
249
313
368
363
354
393
345
365
383
366
331
386
431
445
519
481
559
531
554
544
535
554
516
542
575
546
544
547
543
545
488
482
449
471
471
470
424
377
400
317
325
304
329
356
312
304
317
320
362
416
445
455
373
406
460
428
442
453
537
531
491
534
539
531
575
553
500
491
512
514
486
471
457
519
526
520
546
491
476
480
504
502
456
431
505
497
539
531
541
483
493
477
446
415
395
361
311
297
237
250
247
258
315
310
369
300
286
302
309
281
278
320
319
372
374
390
296
265
230
316
375
306
310
281
241
253
263
186
192
179
179
171
129
133
154
147
113
128
91
105
60
32
43
65
15
56
42
86
122
182
209
257
270
311
347
365
337
330
338
359
280
295
310
352
329
316
304
308
334
304
283
249
288
316
318
336
319
281
256
261
246
180
155
107
156
150
137
139
157
82
94
68
81
108
99
120
98
125
11
38
18
30
15
79
96
107
101
125
110
48
42
40
30
64
35
68
115
94
141
152
121
74
90
60
128
151
140
139
132
165
203
189
230
186
159
179
206
168
177
195
199
214
213
244
178
160
197
120
121
117
96
97
90
120
39
16
22
47
75
41
7
35
80
80
78
153
116
89
95
136
155
166
120
86
64
37
26
28
43
75
164
133
147
142
155
194
191
204
263
330
340
421
379
392
346
319
333
297
257
269
312
327
309
330
299
264
233
286
322
277
281
258
230
235
233
200
200
224
209
248
246
251
327
330
292
295
256
259
246
236
238
144
175
161
184
188
143
216
215
196
200
185
175
203
201
223
208
243
258
257
272
275
203
121
139
110
71
85
56
38
101
77
24
24
99
139
109
87
119
91
105
117
93
77
76
43
78
22
29
31
76
95
105
73
65
77
28
27
77
182
164
152
145
152
99
81
75
14
18
104
82
59
70
107
146
72
79
144
156
114
105
81
88
84
90
123
116
161
200
183
130
146
125
156
91
107
114
118
46
68
16
34
48
36
61
43
46
75
65
43
52
23
25
45
37
58
75
51
47
60
88
48
16
23
23
12
57
43
66
74
37
5
58
95
77
84
91
73
78
43
30
32
26
36
57
30
54
37
98
121
60
93
30
17
68
32
33
19
25
28
35
33
39
135
156
180
87
111
77
84
128
157
111
159
153
75
107
55
62
90
162
107
116
86
106
108
105
100
118
88
89
105
120
86
88
81
80
50
95
193
187
233
136
141
171
104
150
108
89
111
145
167
217
259
347
320
375
413
385
392
427
424
413
437
422
352
314
315
394
422
460
457
464
456
445
434
449
432
449
401
457
423
406
395
382
251
206
229
222
201
239
217
261
278
284
257
249
216
170
183
181
223
306
306
296
304
313
342
339
329
263
206
140
118
84
69
94
80
122
183
155
116
93
112
132
168
116
84
82
107
110
104
116
106
122
143
82
60
89
92
96
80
56
21
39
28
43
36
82
96
123
123
138
124
172
167
164
148
159
195
266
271
283
299
272
240
245
278
237
189
209
226
182
195
249
224
250
180
228
256
252
236
221
251
214
170
269
318
336
307
242
223
160
166
107
115
79
144
113
147
114
139
80
97
56
102
156
79
119
69
108
141
201
169
192
156
179
178
178
184
137
124
113
144
150
189
142
162
92
129
153
157
81
55
75
69
62
108
96
120
133
132
146
153
99
113
145
151
94
94
126
110
143
103
89
110
111
59
92
112
97
99
123
134
129
140
132
161
202
212
176
178
170
145
109
160
159
147
134
132
134
52
73
51
93
120
123
126
134
107
121
183
162
191
153
130
119
93
57
45
60
81
16
57
52
48
103
123
75
89
111
71
107
92
72
59
59
80
107
57
43
40
57
135
100
87
58
9
42
26
7
30
66
38
69
55
97
88
121
150
168
174
152
76
76
73
92
100
79
79
139
110
135
117
155
126
157
145
153
156
137
186
174
201
178
157
133
145
141
121
85
37
101
153
144
78
62
114
126
117
80
108
121
110
107
76
66
64
40
70
97
77
87
75
96
85
102
111
135
175
177
165
161
152
215
288
269
280
295
339
282
287
305
317
329
323
280
255
268
221
249
242
193
174
218
220
245
179
259
306
290
306
325
319
324
318
339
293
283
271
296
309
283
312
286
314
319
287
282
227
178
226
167
133
164
185
177
152
179
122
99
109
124
129
126
98
109
119
103
124
165
140
131
110
153
133
128
161
154
139
187
168
194
227
230
334
328
357
352
365
374
381
383
373
344
376
345
330
319
339
305
315
281
280
308
294
274
277
291
297
300
278
276
254
257
264
265
287
284
326
322
336
371
295
291
288
303
296
258
258
229
241
205
190
156
194
212
177
182
159
166
216
199
172
122
98
119
93
106
122
111
165
164
184
198
220
243
243
234
158
124
68
80
106
73
78
96
23
42
55
62
33
83
96
117
131
153
170
180
222
251
243
263
214
212
168
142
178
117
53
47
60
23
53
80
42
26
112
98
72
42
77
27
63
38
16
23
1
8
32
20
58
75
133
186
116
159
178
130
147
138
93
54
96
78
92
106
37
64
58
95
36
48
48
73
67
44
25
9
51
75
94
155
209
241
285
330
302
291
289
255
223
253
193
205
184
193
180
179
160
144
98
108
88
74
103
59
131
117
78
145
117
118
119
83
53
83
144
132
151
153
154
167
149
157
128
100
106
132
155
98
63
27
38
41
35
83
108
139
104
121
168
172
178
164
116
124
98
127
160
127
107
124
135
167
165
161
215
253
273
296
263
243
211
256
256
239
203
160
157
182
152
140
161
175
237
194
223
218
163
190
251
292
284
295
247
287
263
267
278
304
290
241
258
243
226
209
225
233
248
236
235
236
212
267
262
239
216
209
253
198
148
193
219
238
230
227
285
325
355
355
329
271
301
322
428
439
426
442
448
378
347
325
344
355
376
375
372
389
374
374
378
335
334
437
434
422
437
390
386
364
392
383
374
374
376
386
407
424
436
423
433
399
422
448
428
411
383
349
288
225
208
240
278
314
277
294
318
342
285
274
198
232
201
186
190
211
185
209
184
167
133
97
48
71
111
127
147
111
88
116
90
95
112
95
66
76
88
96
62
101
82
34
48
37
73
151
135
66
15
52
68
118
101
172
176
141
132
216
210
219
235
296
286
225
192
233
222
193
114
91
135
126
124
143
151
153
163
152
196
169
151
166
155
210
148
131
123
160
94
66
99
103
111
160
93
75
45
21
50
99
64
115
116
131
89
115
115
69
106
97
148
166
173
182
171
208
228
193
148
197
203
242
237
220
161
159
94
74
25
68
55
44
43
52
48
16
36
40
16
36
100
35
68
90
42
30
36
65
34
29
6
30
32
64
34
34
62
110
104
102
118
96
77
103
75
33
11
59
45
31
19
50
78
89
64
69
49
33
81
66
64
78
29
59
25
21
5
75
56
76
78
89
28
78
108
170
100
83
118
112
169
144
130
163
155
145
179
158
170
205
204
206
266
263
237
164
157
181
209
202
226
220
231
174
156
109
108
152
240
217
192
207
206
182
170
210
236
261
222
201
184
244
289
291
255
301
270
298
354
292
298
298
322
365
341
390
338
364
363
417
407
407
387
320
305
301
301
281
272
290
239
313
285
264
180
180
137
120
111
68
26
20
58
82
68
59
49
47
58
13
95
66
111
125
126
133
80
73
103
124
118
107
106
107
115
94
104
89
128
144
139
169
82
131
176
186
150
187
148
142
120
129
160
190
223
260
314
255
210
238
198
215
175
174
142
159
139
158
99
68
45
49
30
37
38
53
24
95
101
139
129
77
79
117
93
149
98
80
88
103
122
63
60
21
39
87
88
116
149
96
71
34
23
71
101
120
137
143
130
127
93
95
149
199
202
179
151
112
126
183
202
196
177
150
141
123
70
22
49
11
17
36
45
6
35
50
36
73
27
46
50
42
32
73
70
65
69
76
59
108
69
104
55
102
90
95
89
118
122
130
87
95
90
127
145
179
193
207
223
241
223
195
239
179
188
129
142
199
215
218
237
262
270
209
258
263
212
245
272
241
198
204
225
228
217
196
246
227
187
183
221
262
255
256
239
202
177
203
155
122
164
184
219
201
181
176
217
270
207
232
186
199
185
163
127
84
85
64
92
158
166
174
206
179
200
116
42
80
62
68
116
126
86
69
66
151
184
161
171
147
177
200
223
221
179
189
171
145
117
54
52
75
159
131
126
129
164
174
169
142
103
164
147
165
127
148
83
87
58
129
94
116
107
58
63
120
223
186
193
183
207
198
205
148
128
122
155
175
164
146
73
56
60
55
42
41
65
33
97
45
74
44
53
85
77
98
136
118
87
129
75
35
80
78
78
105
77
46
64
108
171
203
217
231
221
210
174
150
157
133
205
187
170
93
182
250
271
250
208
152
115
110
99
84
155
145
127
44
57
68
94
67
103
128
130
191
190
203
148
188
160
218
270
252
275
273
216
169
122
118
126
183
196
187
208
218
179
243
301
238
234
184
174
189
159
175
196
167
157
188
186
235
234
223
181
190
176
229
212
185
153
148
106
108
86
129
104
93
134
219
169
193
209
173
212
227
170
247
250
307
360
316
277
252
195
145
122
156
180
143
155
165
231
223
216
158
201
229
185
223
177
230
174
126
105
141
160
167
174
197
163
113
75
51
28
22
31
85
47
71
52
52
63
82
33
20
21
58
35
14
37
37
43
45
99
99
51
28
87
35
47
38
20
36
8
25
20
88
77
75
26
4
55
38
46
46
44
48
67
120
67
116
135
142
164
140
208
157
180
103
125
93
124
88
91
54
36
50
54
85
126
152
122
94
102
133
130
101
113
142
108
44
18
80
10
31
50
54
57
11
49
22
31
29
22
84
89
113
116
182
183
111
109
92
85
96
57
80
92
114
95
59
107
70
152
154
177
175
141
125
189
203
225
243
155
106
141
99
68
46
48
28
34
22
43
57
59
47
51
73
83
84
28
59
70
97
119
142
151
146
108
65
64
49
29
35
52
140
111
182
142
173
233
246
182
190
255
207
212
182
198
180
146
101
116
106
77
51
33
73
76
98
75
144
116
97
109
115
102
124
179
201
178
204
196
125
94
55
31
95
99
78
29
30
85
166
115
116
108
122
141
77
77
29
68
117
119
55
23
12
41
61
107
102
81
88
57
74
134
168
202
190
202
177
146
132
97
144
124
168
198
176
169
150
156
171
203
287
235
205
210
222
267
204
175
213
242
245
240
285
274
204
182
137
166
163
153
140
98
86
113
116
106
81
100
75
25
42
60
55
88
125
104
63
78
68
77
115
77
85
73
100
87
45
73
96
118
55
60
105
115
119
118
138
131
116
113
87
72
70
129
68
50
115
116
110
97
113
144
67
57
21
34
46
66
89
131
94
105
121
133
118
109
132
128
134
84
82
93
157
250
276
310
309
325
309
380
380
393
370
371
392
361
389
400
353
351
339
363
369
302
303
296
331
366
373
270
272
248
235
233
210
186
153
189
192
250
224
244
259
273
245
244
294
318
368
366
372
457
508
470
497
518
540
585
583
520
530
558
558
567
538
547
503
483
422
432
464
400
345
406
383
438
336
317
342
385
440
419
427
365
329
357
326
346
321
354
340
328
261
264
251
237
253
212
142
236
267
199
201
180
251
235
179
152
170
183
159
232
244
225
254
211
274
264
240
255
292
306
280
255
280
329
365
330
291
295
293
318
297
307
304
320
298
304
303
312
366
414
407
327
357
311
278
366
368
326
349
390
355
332
355
304
351
349
335
347
311
311
297
281
267
272
329
322
249
283
265
308
318
304
326
340
346
268
312
380
340
318
274
238
199
181
154
161
157
141
111
110
114
115
99
71
56
87
77
17
12
33
25
86
66
103
82
32
68
31
11
39
32
48
54
96
97
64
116
88
79
56
61
115
115
65
3
9
28
44
85
84
41
96
80
140
173
110
111
157
151
136
140
137
127
142
142
97
88
110
88
87
61
42
61
97
131
149
94
83
56
77
72
94
190
185
188
218
198
200
171
216
131
162
172
116
95
72
55
41
73
96
30
45
50
50
40
52
62
29
55
62
46
73
81
115
139
149
105
80
81
46
61
47
70
61
108
53
37
93
42
29
32
26
139
106
34
30
42
31
26
28
67
94
56
66
38
66
73
68
83
122
110
151
173
181
204
217
197
132
105
166
131
137
165
132
134
115
84
83
63
24
88
52
66
99
117
121
104
157
213
218
210
132
108
134
137
175
89
53
61
85
69
51
85
73
70
75
138
144
143
192
183
94
91
38
80
80
69
58
43
84
133
139
105
97
101
132
118
132
150
145
161
170
165
148
133
182
163
124
92
15
29
17
53
33
11
9
37
20
41
24
90
110
240
198
155
147
124
107
64
107
124
116
91
101
73
73
27
26
70
88
97
145
174
172
141
168
218
197
202
196
207
207
225
184
148
135
130
124
148
134
155
139
136
146
134
207
157
109
85
96
119
186
116
107
86
65
72
107
103
137
146
191
194
208
193
256
255
245
230
262
256
221
187
170
205
190
140
132
76
82
97
68
27
76
42
83
68
78
82
97
93
178
187
131
119
156
208
140
156
121
148
166
189
181
201
159
169
223
207
214
217
267
303
314
289
256
269
294
284
227
238
192
231
243
224
182
191
209
253
297
251
190
187
151
209
212
205
188
208
198
229
203
253
163
146
210
160
102
57
77
97
206
225
211
206
230
214
185
195
223
229
272
234
304
350
285
290
301
318
340
365
393
339
344
373
347
312
311
315
291
277
328
358
316
338
389
413
387
388
394
358
354
372
356
311
292
264
279
329
388
388
317
335
301
252
256
217
205
200
180
188
182
215
181
133
118
159
145
145
182
199
155
118
146
125
62
98
146
141
182
196
161
126
53
63
48
88
145
144
159
143
179
153
187
224
217
210
156
142
127
120
123
128
198
186
147
130
124
126
107
100
96
159
162
122
119
147
106
68
121
115
133
115
129
159
203
236
242
178
208
226
185
231
145
149
169
152
140
196
158
164
173
180
216
252
264
204
183
181
126
110
74
13
59
101
101
138
179
166
130
118
163
188
140
141
174
151
145
156
124
108
110
132
146
171
187
185
188
161
215
227
282
280
266
242
235
205
220
163
151
167
104
130
104
120
124
96
103
105
105
129
93
126
102
152
136
173
154
195
179
142
117
60
56
90
86
39
29
71
74
63
27
15
28
58
79
72
74
30
63
79
55
14
9
28
18
25
10
57
29
13
32
79
112
125
82
60
26
38
49
10
64
106
129
141
89
93
108
114
78
74
80
98
42
25
42
72
69
65
43
52
71
69
21
13
41
52
18
18
24
12
48
63
54
60
44
38
59
129
165
247
251
242
237
239
205
177
201
240
204
233
225
196
174
168
235
185
140
139
168
144
165
155
154
181
200
183
217
164
152
186
200
191
193
203
157
172
190
144
143
105
141
133
109
113
134
149
196
170
163
182
160
78
57
52
137
147
125
123
85
105
58
17
26
64
17
26
52
21
61
87
48
79
96
105
119
161
201
237
220
264
233
217
186
173
161
151
163
173
198
155
161
147
133
115
90
136
130
104
95
95
97
136
132
158
158
113
103
98
50
22
37
33
51
74
114
109
159
180
161
217
231
226
176
168
209
235
221
209
242
212
155
142
161
186
195
249
288
275
246
317
257
221
186
186
166
104
112
127
143
118
138
109
71
75
114
216
253
256
265
227
234
151
120
95
84
115
95
115
83
102
95
82
53
46
40
34
69
96
125
130
143
174
182
187
207
187
228
233
196
174
224
267
245
313
309
263
316
270
267
225
211
252
215
203
211
199
159
91
53
53
44
44
52
89
68
89
79
80
77
111
108
59
147
160
155
222
228
176
159
203
125
157
109
110
131
145
80
58
27
44
30
35
85
120
88
127
146
134
167
163
183
218
222
233
231
203
203
239
194
197
201
188
160
171
181
173
139
111
103
73
118
216
183
116
60
71
79
71
34
29
56
40
55
64
28
53
48
43
48
101
68
76
91
48
66
59
68
70
25
28
23
39
90
141
88
115
95
79
47
14
28
98
65
76
41
52
101
80
43
38
61
133
107
97
76
129
98
62
69
52
89
77
126
127
96
95
86
116
122
149
190
130
99
98
114
118
132
70
90
141
119
91
40
16
38
22
9
29
54
62
39
68
49
19
49
40
43
37
41
50
40
45
46
95
118
86
142
106
74
89
118
93
55
31
24
46
72
80
59
82
108
86
143
173
160
141
123
165
126
136
163
137
153
109
113
93
147
208
171
138
130
226
231
299
272
291
249
264
218
256
306
319
337
352
350
376
349
375
381
360
372
341
324
366
366
328
319
366
362
288
268
316
308
261
237
220
214
142
186
261
207
183
171
125
110
144
133
102
115
129
104
111
149
136
120
117
178
192
143
151
139
160
192
190
136
161
90
64
64
38
67
58
35
96
88
92
103
124
127
125
133
89
141
171
132
162
255
223
200
158
150
135
158
119
85
125
92
55
35
89
69
40
58
26
32
29
51
79
57
71
94
143
106
115
109
149
151
88
121
70
96
69
81
114
94
89
139
177
190
184
161
123
119
103
144
133
159
197
169
153
104
145
161
205
249
300
313
328
361
336
286
310
294
338
282
283
284
222
212
211
225
209
220
256
292
281
290
270
318
324
344
332
340
332
334
370
354
370
381
360
394
361
289
317
290
294
316
271
267
228
199
271
249
187
183
217
218
210
194
235
221
219
172
180
225
206
171
205
163
156
158
213
193
148
160
132
113
117
143
128
149
133
109
105
139
223
189
202
171
190
267
310
283
315
306
292
311
267
297
282
327
386
387
418
459
407
487
441
416
436
457
446
462
444
485
468
389
346
316
335
332
330
312
257
281
299
214
231
213
213
174
209
271
247
154
138
168
141
93
103
148
151
122
181
173
199
154
198
167
186
263
256
223
222
146
155
139
118
130
127
158
170
160
189
156
130
194
240
205
115
116
87
117
140
128
138
118
169
209
106
62
152
173
141
144
149
156
145
138
185
187
175
155
165
157
158
144
165
130
145
136
169
184
149
215
265
256
247
303
278
325
339
351
291
293
269
300
268
266
284
302
318
291
289
285
219
226
270
263
245
176
126
82
29
75
56
8
67
15
87
161
159
155
198
169
201
161
174
149
130
157
146
114
125
60
4
16
52
96
100
34
87
136
56
65
81
78
55
67
108
125
114
193
210
209
178
201
174
178
176
204
254
246
198
227
215
251
270
315
306
267
189
128
148
181
194
186
213
190
185
200
211
169
183
133
102
107
103
153
126
103
132
121
132
177
186
203
177
208
202
169
161
165
193
198
212
282
233
205
188
224
292
288
275
239
250
262
269
255
234
248
323
276
270
288
329
316
387
428
399
401
348
406
404
435
403
356
397
462
465
437
399
328
312
291
274
329
363
374
359
312
273
255
238
236
276
274
187
186
195
203
211
210
193
151
143
143
132
115
125
168
250
287
288
294
315
317
345
318
275
261
259
240
258
200
180
221
253
272
298
281
226
279
266
242
213
235
228
165
167
158
199
173
156
202
228
195
186
203
137
147
152
80
53
24
78
130
145
157
160
138
171
220
211
166
244
215
162
146
109
112
68
79
75
68
53
81
97
100
128
143
137
113
104
81
101
128
101
86
40
42
39
82
106
77
70
40
84
77
152
185
126
141
178
163
198
173
166
156
194
184
168
178
160
161
168
129
127
144
126
109
93
87
62
62
81
123
147
119
130
86
118
138
137
137
124
136
164
132
133
138
114
150
245
272
283
305
265
273
232
284
264
217
219
258
199
187
165
161
148
198
221
262
225
230
252
216
238
239
242
191
220
217
278
260
240
214
206
133
117
126
149
135
133
82
64
121
61
113
168
178
184
170
157
163
119
38
75
69
166
197
293
354
343
347
323
340
396
396
324
324
290
300
336
372
397
400
430
444
510
508
466
454
507
511
538
529
553
519
514
464
462
433
436
439
389
361
388
362
352
304
229
175
171
154
204
163
262
293
274
320
303
246
241
241
202
195
184
197
188
179
183
140
87
40
78
138
104
86
101
121
132
108
88
119
116
96
78
143
180
145
135
94
135
130
179
143
161
107
147
172
228
262
212
180
234
216
180
221
249
213
185
132
108
91
116
164
188
229
235
238
213
210
177
203
185
180
243
251
325
331
363
294
337
363
363
372
444
421
326
273
282
337
301
306
299
310
323
373
345
334
335
346
361
371
349
377
447
458
453
456
492
521
498
507
539
567
506
481
523
521
563
552
537
553
537
518
485
554
513
526
567
588
543
584
501
481
475
524
507
528
581
573
614
606
574
587
576
587
613
571
574
573
614
625
625
682
662
673
611
605
597
613
629
645
672
667
657
681
633
641
599
547
587
582
612
679
753
693
747
705
651
675
639
663
659
638
684
680
667
660
615
603
586
568
531
506
544
426
419
414
420
457
451
394
420
437
426
437
403
374
343
331
342
346
343
327
343
371
457
466
417
453
452
448
411
395
398
304
299
302
261
259
224
238
199
227
206
213
317
283
259
333
326
303
306
327
295
335
340
281
225
192
194
230
225
202
210
229
253
285
275
231
200
206
193
203
186
164
193
129
128
135
133
134
156
177
170
169
118
79
114
150
115
86
71
62
13
31
57
14
26
39
41
45
14
35
60
71
74
76
94
184
160
171
150
174
123
119
182
218
217
244
221
226
218
201
184
207
219
243
266
328
334
379
322
301
347
371
355
281
286
340
263
229
116
149
119
107
102
109
121
127
115
113
65
41
83
57
35
53
90
20
23
34
25
50
29
36
22
73
124
205
172
156
148
155
188
142
211
209
170
187
191
142
145
177
137
92
98
89
85
41
58
67
84
81
62
69
102
77
110
105
33
36
19
33
21
79
128
83
56
24
32
8
25
80
67
71
79
124
149
167
171
194
196
152
157
171
110
79
54
26
19
65
11
90
81
60
60
56
129
175
113
161
173
135
132
107
80
84
47
51
51
87
94
61
90
108
50
43
31
66
52
43
21
52
42
49
67
18
3
17
25
51
29
8
24
50
23
59
33
56
56
38
52
15
22
24
44
68
120
109
103
103
38
53
66
65
70
104
92
103
123
161
151
165
148
159
138
130
145
92
48
26
28
76
103
71
16
69
111
93
45
51
81
68
68
95
128
112
137
115
111
135
141
174
196
155
104
138
59
143
120
175
178
195
231
263
261
204
261
204
215
257
272
262
204
258
284
235
178
145
88
57
66
125
129
159
128
137
129
83
52
75
90
84
91
90
89
93
112
103
40
54
112
68
24
54
143
158
197
171
197
181
208
268
277
297
297
231
239
291
285
237
203
152
160
123
106
65
93
98
114
139
133
150
151
138
183
157
143
164
189
97
147
158
108
68
57
37
69
35
51
69
63
137
129
140
145
168
145
117
100
28
51
48
128
143
142
170
177
155
96
143
146
185
208
171
155
161
178
83
81
28
32
41
27
56
84
66
46
107
112
127
98
121
105
101
90
79
33
50
3
21
22
17
27
37
85
112
114
41
44
45
59
51
102
54
9
15
70
133
114
70
68
39
62
66
80
98
156
133
107
53
19
40
54
20
19
8
19
3
36
52
27
40
51
63
41
29
82
110
105
49
34
55
51
73
65
38
45
96
106
86
98
36
81
56
15
37
37
36
86
105
146
145
142
130
142
90
146
145
111
163
125
160
222
169
123
142
89
74
106
100
111
85
21
61
95
82
93
76
78
85
59
57
27
14
57
56
105
168
112
129
160
148
89
79
41
57
19
8
47
24
54
55
81
38
41
47
46
55
54
42
15
24
25
78
84
119
99
93
113
129
129
151
154
161
134
72
76
66
54
50
72
48
36
117
149
147
182
192
189
170
98
92
89
70
82
96
85
114
101
82
152
139
174
139
147
159
171
200
149
143
171
132
169
182
177
147
169
122
122
62
96
59
120
140
143
105
87
79
62
42
15
48
64
54
73
112
72
74
103
73
120
166
163
133
134
104
88
93
138
153
120
99
64
98
114
83
100
126
188
179
169
111
143
128
159
145
109
140
205
186
224
262
236
201
232
194
149
156
163
150
158
169
136
143
117
94
67
47
40
52
93
160
147
116
95
96
119
180
172
147
157
165
196
245
277
277
265
277
280
327
257
283
270
235
238
211
240
235
259
263
231
279
314
346
258
333
270
212
208
218
270
243
244
211
197
169
140
189
193
210
155
152
129
152
130
129
188
138
96
24
33
44
42
33
37
65
74
80
9
16
67
37
25
70
86
148
64
81
112
136
154
228
194
201
186
162
210
223
211
200
213
229
222
298
306
332
324
337
302
267
283
289
331
346
355
373
423
403
356
374
323
280
311
294
327
281
283
250
230
199
251
275
241
260
282
272
259
259
264
247
256
287
241
190
197
202
251
259
245
186
207
177
187
131
199
172
125
83
74
140
114
44
90
58
122
154
111
157
183
133
167
98
46
98
106
123
81
117
163
165
162
226
263
255
285
298
305
309
249
267
247
265
295
295
269
243
288
248
250
264
230
189
198
169
157
169
199
247
222
289
277
257
270
236
244
229
214
160
154
191
176
166
112
109
151
96
158
103
104
149
171
90
91
132
68
22
23
45
29
57
18
13
16
7
55
54
49
23
45
46
4
74
93
106
164
178
191
173
153
118
191
163
119
48
39
43
26
25
42
15
44
18
21
57
58
55
64
84
50
62
80
84
113
108
104
155
126
92
64
53
48
109
187
217
217
181
188
207
258
118
77
63
64
46
76
109
13
55
78
78
117
56
17
9
29
20
38
52
44
69
62
37
40
10
22
35
59
22
88
174
153
91
93
27
50
71
95
87
67
89
71
105
93
91
69
76
142
74
35
31
47
13
19
46
82
106
125
126
144
129
182
197
178
164
234
227
213
224
224
205
178
172
197
167
182
180
222
190
264
255
179
201
180
159
177
216
223
216
238
191
209
192
168
96
176
207
167
138
147
111
101
46
64
29
61
87
72
82
77
76
124
91
175
218
256
164
145
119
173
251
235
251
161
151
139
108
97
42
73
78
48
137
76
102
110
182
213
237
194
200
214
258
239
195
202
248
250
211
251
286
259
263
305
293
352
289
325
342
339
319
353
359
307
362
325
324
367
295
313
299
321
315
354
367
373
350
343
353
385
392
387
394
392
376
386
356
390
325
329
303
317
286
297
242
316
299
333
255
276
317
288
300
303
264
228
239
283
341
307
278
299
284
309
350
336
334
330
278
285
237
226
231
219
178
182
174
179
202
216
177
168
119
102
85
83
89
73
128
126
111
140
120
107
123
142
139
126
139
152
124
138
133
96
35
23
51
71
162
171
242
232
201
181
209
206
181
210
187
192
216
244
235
223
208
207
199
202
193
276
261
275
246
236
225
214
319
392
400
460
488
474
472
469
447
466
526
506
505
502
537
531
462
427
469
424
409
383
335
325
321
252
312
359
392
434
404
464
482
538
473
476
474
490
444
437
512
495
535
501
477
409
461
369
301
238
225
223
286
266
266
185
186
219
192
95
94
100
87
80
88
33
50
65
33
65
59
69
79
30
107
48
47
55
84
43
15
30
30
17
35
74
41
81
111
142
106
98
109
101
97
71
91
67
91
134
169
107
101
103
53
66
143
136
146
175
199
242
263
250
275
262
276
300
321
377
393
394
408
402
433
466
451
421
360
365
407
420
448
453
399
417
439
405
401
393
417
374
353
300
328
362
285
291
262
282
289
338
337
365
405
345
346
318
329
301
228
224
191
115
96
108
76
76
58
52
66
94
60
83
100
132
143
175
148
171
179
137
162
144
149
169
126
130
118
137
63
60
44
80
77
81
35
119
92
116
146
168
172
234
229
172
177
252
241
259
198
174
179
158
213
185
134
118
160
143
139
160
164
156
157
153
130
141
103
142
178
106
85
37
39
67
101
84
90
95
150
76
57
65
100
84
84
32
30
31
31
108
83
49
98
72
14
114
221
258
201
202
243
188
168
144
200
194
147
188
159
179
156
197
199
232
222
257
223
263
264
284
318
371
309
311
401
425
404
402
369
376
318
326
343
383
359
302
281
275
247
187
236
210
290
285
255
204
176
145
105
124
119
220
197
209
230
196
172
112
92
139
147
85
95
51
97
88
47
59
95
57
52
23
25
47
68
79
62
91
96
74
122
78
127
98
107
106
95
61
86
27
53
84
47
38
73
63
90
77
90
85
83
112
82
138
143
160
147
169
148
146
97
113
116
141
140
140
113
158
149
169
131
140
170
206
167
243
211
167
143
128
147
127
158
165
184
178
125
137
149
135
139
87
154
189
208
173
152
139
87
103
103
60
62
40
54
70
60
74
103
112
74
82
96
68
98
100
107
127
88
55
24
45
33
27
24
24
82
21
27
48
19
17
34
39
13
22
49
30
11
64
75
86
89
93
80
69
51
47
65
89
76
59
69
85
137
112
139
107
93
97
134
145
135
101
125
94
143
82
106
63
40
36
34
43
60
73
59
77
75
118
128
153
154
180
202
238
258
280
237
242
212
169
163
196
177
218
152
117
116
79
91
120
142
171
189
218
225
272
218
214
221
244
206
227
228
234
168
189
131
153
144
149
200
133
60
103
156
140
170
151
105
45
27
29
34
36
44
46
68
85
75
84
48
37
41
26
48
23
2
29
48
25
49
67
68
41
24
49
53
78
103
60
49
119
117
185
217
197
151
168
211
213
196
203
209
224
218
197
165
180
124
103
116
64
95
78
92
86
118
108
99
102
112
136
186
174
181
203
248
250
203
164
186
137
126
126
123
143
128
115
81
114
82
127
123
124
135
185
220
197
213
139
158
145
172
135
160
145
139
167
182
171
130
80
116
27
11
17
25
51
98
62
87
75
103
122
137
86
89
51
63
57
71
67
162
213
203
196
141
149
149
164
131
176
146
147
135
125
67
40
57
71
145
142
130
99
169
169
137
110
135
121
82
78
142
164
189
193
173
75
140
166
158
150
145
143
191
176
99
144
143
131
128
118
155
135
203
229
254
279
250
327
315
330
294
323
314
314
290
282
269
275
269
260
228
169
197
211
141
151
115
159
129
102
70
73
70
73
90
123
126
118
125
125
84
98
95
109
155
109
103
132
149
172
205
216
263
269
320
345
303
325
280
242
224
240
290
243
221
221
193
148
178
142
174
124
63
18
46
86
161
125
120
164
154
183
148
107
72
95
105
15
73
101
103
115
127
100
87
30
57
25
16
45
48
97
114
98
97
105
163
125
84
103
59
62
57
44
91
51
79
70
133
155
130
96
138
116
85
42
12
17
61
92
72
15
78
85
105
62
70
81
101
99
103
112
136
135
188
93
153
98
81
29
9
20
48
107
152
138
94
109
99
130
66
47
17
55
36
14
28
31
81
96
62
65
103
50
41
83
113
55
33
33
27
51
35
52
14
109
75
52
33
23
51
62
97
54
66
69
98
85
77
49
136
92
95
102
114
135
100
97
108
153
136
186
207
203
217
199
163
144
74
59
11
48
58
46
59
70
106
115
135
158
123
114
148
178
240
296
269
309
293
183
137
146
150
69
71
154
194
219
206
153
133
129
65
128
55
52
99
125
139
135
134
138
86
69
50
79
66
64
53
36
20
21
118
152
146
162
140
135
115
122
83
132
119
139
109
118
112
97
85
34
94
47
66
66
79
77
52
50
29
22
28
26
19
19
21
88
105
59
52
96
61
61
29
10
33
41
44
45
23
48
4
39
101
131
136
132
87
108
111
85
66
55
76
46
48
36
98
90
67
69
112
141
150
155
160
125
116
139
132
191
173
232
167
148
129
151
81
79
33
20
24
35
44
73
61
61
72
27
53
58
29
10
10
10
13
55
130
156
160
209
182
214
168
90
91
90
80
128
140
145
153
180
231
278
254
239
238
231
244
173
225
257
256
216
241
197
247
227
159
141
162
135
102
98
75
74
75
66
96
70
106
100
69
100
109
118
111
43
93
168
129
176
126
94
115
59
68
47
66
66
45
50
34
38
52
117
81
77
37
16
39
69
90
84
126
90
86
68
60
81
73
115
183
171
192
241
276
224
224
205
206
215
223
235
196
226
162
169
207
231
211
203
190
190
131
119
157
101
101
47
39
52
61
54
139
133
185
142
115
38
36
41
90
65
60
45
82
97
100
54
47
76
43
71
39
56
72
77
25
56
108
139
146
177
138
112
137
137
201
143
113
48
40
67
60
51
38
59
23
40
87
97
140
146
113
131
191
195
239
288
297
270
200
217
171
185
199
212
280
234
233
313
309
261
287
300
326
347
323
325
304
270
254
284
310
313
337
314
217
217
221
166
126
90
89
130
129
142
139
117
92
103
75
75
88
150
179
106
68
55
27
83
59
109
30
55
64
83
46
70
58
65
100
87
109
105
91
90
70
35
52
129
86
74
71
76
87
169
177
156
128
66
26
12
45
66
69
38
107
106
96
69
96
76
76
119
95
132
157
144
189
237
210
287
294
311
255
332
339
320
273
279
279
280
256
257
221
223
226
295
283
314
288
260
328
441
429
398
368
385
330
323
311
297
270
247
216
236
219
252
244
310
368
425
481
491
436
479
375
413
392
357
338
306
317
350
326
350
323
370
349
327
350
357
361
345
350
316
352
396
363
397
356
443
458
445
395
328
344
352
401
371
358
379
316
296
334
299
288
300
304
306
345
374
410
414
444
465
506
550
542
518
463
507
458
530
495
489
488
430
366
383
388
363
410
407
410
387
381
375
381
433
457
417
384
365
379
405
394
384
387
372
405
369
434
390
399
418
439
449
428
419
400
371
363
373
388
387
347
359
308
281
268
204
209
218
183
197
205
149
181
139
135
110
81
114
119
101
111
90
87
110
139
93
101
60
9
37
11
29
80
76
62
119
116
122
120
90
119
134
90
42
7
46
47
61
11
31
51
92
118
96
115
121
138
144
142
124
89
78
81
122
56
50
111
55
90
99
81
114
111
154
161
159
191
131
99
136
191
189
142
116
103
122
150
115
101
92
100
134
106
69
62
40
25
32
30
5
17
11
34
107
74
87
97
69
108
148
99
79
122
73
73
191
246
266
238
177
195
127
135
167
166
159
212
189
244
193
169
212
156
166
193
225
189
168
197
176
166
201
188
236
209
182
216
167
168
155
113
110
92
117
155
134
134
215
204
263
248
225
270
269
213
245
251
244
228
172
164
136
125
116
60
80
158
180
146
93
61
71
105
109
127
128
135
186
168
170
137
201
249
231
306
355
346
348
369
380
400
399
411
428
392
418
470
490
466
423
402
408
459
453
480
503
471
519
517
554
517
508
505
531
515
593
647
634
595
560
496
474
433
400
384
424
418
384
442
432
474
507
425
461
417
419
437
464
476
480
490
509
544
586
616
612
557
538
487
460
384
445
475
494
457
465
397
363
394
371
419
425
455
416
387
368
363
295
226
222
198
204
222
255
316
318
301
315
349
398
364
390
362
344
358
296
312
319
354
329
325
299
300
269
276
296
305
327
300
271
308
331
336
346
366
401
386
401
391
339
393
401
370
378
389
409
386
355
342
318
353
343
323
330
295
314
344
329
243
270
255
256
302
338
374
399
389
405
391
377
506
507
460
470
517
559
493
488
455
517
513
515
507
468
455
430
368
386
338
392
288
234
237
201
134
169
164
130
124
122
114
50
56
94
81
80
57
37
21
33
47
39
16
54
87
163
125
119
101
70
59
61
51
71
51
89
73
96
96
117
203
173
205
148
123
153
200
169
187
51
106
131
130
140
146
106
116
120
159
213
247
225
185
228
204
254
258
289
368
332
322
280
254
269
237
268
292
237
228
233
230
233
250
314
287
233
219
203
179
217
187
182
114
61
128
107
83
54
57
26
38
65
102
44
49
62
95
70
84
86
46
70
104
79
61
97
68
68
118
146
183
187
167
122
96
123
106
109
111
82
102
69
105
52
41
31
30
53
47
21
39
47
28
33
12
69
60
87
43
58
85
157
63
109
83
97
84
93
48
78
56
36
23
12
46
30
47
107
146
142
107
96
168
163
122
125
115
87
99
56
82
42
17
79
111
104
123
147
117
116
61
74
41
66
63
35
50
100
157
164
185
210
194
159
261
274
272
234
153
118
45
91
144
142
152
147
201
199
155
188
247
224
205
159
170
190
182
250
223
227
224
260
244
233
283
288
263
258
299
256
225
233
221
166
209
160
155
110
141
109
150
175
183
181
176
174
155
121
143
202
225
205
176
196
195
205
187
143
89
122
84
24
94
169
144
81
130
150
180
222
220
138
151
108
90
64
139
167
138
95
100
77
90
96
55
103
84
68
90
84
39
27
96
122
86
7
75
85
124
162
134
148
126
171
210
185
132
113
125
138
129
115
126
121
122
131
132
141
150
173
163
171
149
162
156
166
179
199
158
141
142
140
123
130
134
116
139
138
120
128
152
159
144
143
153
113
130
112
106
94
91
136
161
95
82
49
32
110
94
170
162
197
193
250
305
289
268
224
244
238
231
218
209
250
262
216
239
222
236
216
239
233
234
274
201
261
243
295
284
270
268
345
286
344
318
296
266
255
315
369
348
416
361
350
310
296
250
273
285
263
225
251
262
232
206
163
186
205
179
142
91
121
110
88
144
167
162
153
150
114
88
85
86
118
82
31
55
68
86
73
94
102
85
85
61
6
5
49
17
42
75
118
124
115
152
95
125
152
142
128
160
118
124
198
142
125
111
71
12
69
35
44
105
102
85
73
42
17
19
21
53
73
124
102
121
155
149
172
158
145
111
44
73
117
165
195
202
248
272
289
307
305
291
288
281
246
173
196
196
227
222
252
247
276
265
284
273
285
285
285
273
249
283
223
203
139
106
94
124
108
89
114
58
91
112
99
131
86
72
41
19
58
70
49
26
48
9
24
24
83
97
112
106
120
130
133
148
173
142
136
132
88
97
82
58
60
107
152
90
89
92
116
91
67
86
58
92
23
44
45
34
60
37
21
36
8
77
64
30
48
47
8
18
34
22
81
20
26
46
49
52
7
14
27
50
68
18
23
30
10
17
54
19
34
76
69
17
26
43
56
55
30
120
90
74
161
186
94
150
192
117
113
141
203
185
198
174
120
148
119
66
78
86
118
115
38
28
27
25
15
55
93
55
33
95
102
39
8
36
28
34
70
79
108
102
57
56
40
28
53
85
76
68
167
195
188
177
149
62
35
67
81
54
71
47
31
39
99
55
69
51
36
47
25
73
50
18
58
48
79
48
88
125
88
93
210
227
228
284
257
256
287
225
255
286
323
278
250
234
270
254
174
152
136
163
179
187
209
247
193
241
251
232
257
226
224
186
139
132
171
190
223
204
229
211
238
172
172
193
210
159
210
248
224
147
166
116
137
148
180
164
169
151
167
162
196
