1
2.18919
4.11421
6.02853
8.07868
10.086
12.1506
14.1617
16.1114
18.2171
20.3511
22.2261
23.9968
26.9015
28.4871
29.8911
32.4192
33.7541
35.6455
38.3992
40.6264
41.6782
45.6379
48.8652
47.8037
50.7633
53.4343
57.0424
56.6737
57.8247
61.2767
62.9645
62.8908
68.3805
67.112
68.4222
72.5108
74.6607
74.01
79.0729
83.006
81.7902
90.3348
83.775
93.7125
92.6144
89.363
92.656
96.3281
96.7195
98.7522
100.667
111.022
107.439
115.003
107.914
111.188
105.802
112.337
115.743
124.435
111.025
132.394
131.364
126.668
126.868
128.806
137.299
127.895
154.135
140.362
126.822
141.115
139.344
141.426
163.387
165.466
165.736
164.291
164.658
179.531
165.826
188.408
175.447
180.337
165.249
158.781
165.317
163.176
175.398
178.231
170.544
178.863
159.538
198.19
222.755
175.632
191.564
186.375
200.93
