3.40948e-09
0.0136064
0.0280871
0.042519
0.0578594
0.0709516
0.0864258
0.100509
0.114281
0.128566
0.145711
0.157793
0.168741
0.193281
0.203677
0.213594
0.228418
0.23677
0.250441
0.27426
0.283538
0.293689
0.32555
0.356292
0.327964
0.372769
0.377783
0.443244
0.399011
0.39947
0.43123
0.432898
0.439853
0.48935
0.46688
0.465198
0.504625
0.554712
0.509254
0.534961
0.561892
0.55532
0.641991
0.570156
0.718491
0.637892
0.621981
0.629302
0.65553
0.703879
0.680155
0.699167
0.842824
0.707956
0.778472
0.763558
0.785884
0.713376
0.76134
0.798523
0.889194
0.696831
0.981017
0.953733
0.865574
0.91733
0.857327
1.01267
0.856897
1.05624
0.957868
0.860856
0.923267
0.926475
0.922175
1.18943
1.22289
1.22631
1.15294
1.12829
1.40578
1.08547
1.42882
1.19593
1.23846
1.21343
1.12659
1.06385
1.10141
1.30382
1.18672
1.16888
1.20526
0.985832
1.48513
1.71363
1.37627
1.29065
1.38663
1.4138
