0.5
1.07973
2.0518
3.03345
4.04375
5.0682
6.06409
7.01326
8.06371
9.0628
10.1437
11.1344
12.1099
13.1012
13.9555
15.0991
15.9795
17.2075
18.1609
19.3452
19.9246
21.2283
22.3176
23.4709
24.3445
25.3496
25.9544
27.1753
28.3833
29.285
30.13
30.8146
32.2695
33.478
34.3838
35.665
36.7531
37.348
38.5548
39.4051
41.8009
41.3893
42.6385
42.7689
44.5536
44.8939
48.2964
47.6882
49.737
48.8682
50.5821
52.0134
53.6704
53.7331
54.5486
55.3092
55.001
58.2077
57.3923
60.7461
62.3498
64.2238
60.6968
65.1372
65.2137
63.6447
66.5326
68.6505
70.6736
68.0332
69.8003
70.7101
74.0387
74.8409
75.538
72.7971
78.105
73.5949
76.6119
79.5035
84.1245
84.7434
81.2037
82.9402
85.5779
86.7894
88.5971
87.4721
90.5155
90.2955
90.0699
95.6279
92.6525
95.6002
99.1042
94.853
96.7732
95.9699
97.4867
100.217
