1.70474e-09
0.00621433
0.013306
0.0191098
0.0259546
0.0334643
0.0398505
0.0448851
0.0535557
0.0615587
0.0683784
0.0749105
0.0841091
0.0895568
0.0917867
0.104363
0.109412
0.118345
0.129922
0.132213
0.136111
0.14668
0.151082
0.154519
0.166419
0.172512
0.179157
0.179361
0.196531
0.200732
0.203249
0.217933
0.218822
0.224172
0.239418
0.235409
0.253807
0.254185
0.273075
0.267847
0.28293
0.28037
0.289604
0.301512
0.302072
0.307689
0.33637
0.332288
0.338151
0.349792
0.35406
0.372232
0.360018
0.369036
0.383886
0.380297
0.391317
0.398442
0.403565
0.41556
0.429438
0.432463
0.436176
0.448255
0.451516
0.463962
0.475371
0.473475
0.474982
0.491145
0.492972
0.483588
0.515879
0.51513
0.514668
0.513778
0.569401
0.552683
0.541198
0.551017
0.584499
0.568962
0.595991
0.592104
0.613357
0.607373
0.610674
0.586181
0.610255
0.623604
0.628674
0.63698
0.666203
0.648509
0.664177
0.661423
0.68893
0.691775
0.690825
0.703164
